country,year,suicide rate,unemployment rate
LKA,2000,27.425,7.86382406949997
THA,2000,11.5867,2.43898183107376
SWZ,2000,40.5727,30.1176220178604
SVN,2000,25.6394,7.07035437226295
PER,2000,3.43,4.11754809319973
ESP,2000,6.56,13.787904381752
MEX,2000,3.86,2.27025151252747
IDN,2000,3.79,6.33323714137077
STP,2000,2.24,3.32875959575176
MRT,2000,6.39,8.0420158803463
EST,2000,24.9828,13.4802863001823
SVK,2000,12.6265,18.9090386033058
AUT,2000,15.8195,4.69179935753345
GBR,2000,7.74,5.64487762749195
NLD,2000,8.09,2.74343267083168
SLV,2000,6.73,5.36579415202141
POL,2000,15.305,16.5951699018478
ROU,2000,11.3266,13.5444298386574
ECU,2000,6.84,7.52785205841064
FSM,2000,27.9758,48.460191488266
HUN,2000,26.6231,6.58709928393364
PAN,2000,5.9,9.43351164460182
PRT,2000,5.45,4.03497256338596
CHL,2000,10.5216,10.5940952897072
RWA,2000,25.5557,0.893629342317581
GTM,2000,13.4838,1.44465621560812
BGD,2000,6.87,1.59671735018492
PHL,2000,2.26,3.2974224537611
URY,2000,14.4975,13.795280456543
FRA,2000,15.8114,10.2147728204727
MDA,2000,16.3208,4.22570146620274
IRL,2000,12.0547,4.39866036176682
CZE,2000,13.4184,8.7471067905426
CYP,2000,1.92,4.94134463369846
AGO,2000,17.5554,4.99602556228638
ZAF,2000,26.5553,26.2470752000809
LTU,2000,45.7516,16.2632599473
LUX,2000,13.446,2.35242005437613
CRI,2000,6.85,5.21371699869633
DOM,2000,4.9,4.88524958491325
BOL,2000,8.37,5.778843536973
USA,2000,10.0171,5.25999814271927
CPV,2000,18.1809,13.7221127748489
LVA,2000,29.6331,14.4903942942619
TTO,2000,16.1939,10.2547086775303
GRC,2000,2.86,11.4621803164482
BEL,2000,18.3015,6.62693977355957
ARG,2000,9.2,14.8371666669846
TUR,2000,4.21,6.6877044737339
UZB,2000,12.0487,10.8306244015694
VEN,2000,6.35,13.416588306427
TZA,2000,15.5627,2.73963417857885
ITA,2000,5.53,10.8845002949238
IDN,2001,3.71,6.57785162329674
PAN,2001,6.16,9.85313802957535
NLD,2001,8.01,2.13705711066723
PER,2001,3.18,4.83090318739414
BOL,2001,8.05,4.92919236421585
HUN,2001,23.7594,5.69263286888599
LTU,2001,42.0958,12.5875696539879
KHM,2001,6.76,2.18539200723171
LUX,2001,13.52,1.80811733007431
HND,2001,2.99,4.74817715585232
MDA,2001,17.6774,3.94371747970581
HTI,2001,12.3636,28.3024847507477
ITA,2001,5.37,9.6546046435833
BRA,2001,4.88,9.60325822234154
CAN,2001,10.8584,7.44115561246872
BGR,2001,13.158,19.8051378130913
BHS,2001,2.73,4.01517190039158
AUT,2001,14.6853,4.0056549012661
IRL,2001,12.4688,3.74985449016094
NIC,2001,6.21,13.4329944849014
BIH,2001,8.35,18.7488704919815
KOR,2001,14.776,3.55029217898846
LVA,2001,27.5054,13.358461856842
LKA,2001,22.3786,8.2387700676918
BEL,2001,18.4477,6.21038749814034
DOM,2001,4.75,5.73222562670708
PAK,2001,11.2005,1.12770963460207
ROU,2001,10.7577,10.7248671352863
ESP,2001,6.09,10.3759922087193
PRT,2001,6.54,4.04096096754074
POL,2001,15.2872,13.8751804828644
SLV,2001,7.42,5.56478351354599
PHL,2001,1.87,4.34366203844547
VEN,2001,6.52,13.0090788006783
SVK,2001,12.342,19.2144766449928
GBR,2001,7.5,4.75500486791134
SVN,2001,24.6156,5.80556280910969
ZAF,2001,26.9215,29.7531008720398
TUR,2001,3.87,8.6262658238411
AUS,2001,11.1879,7.05068558454514
FRA,2001,15.3714,8.62198248505592
TUN,2001,3.89,15.6575158238411
CRI,2001,5.57,6.18067793548107
ARG,2001,10.3074,18.5337007045746
PRY,2001,3.48,7.84337148070335
EST,2001,26.1351,12.5149264931679
COL,2001,5.23,14.0201464295387
GRC,2001,2.52,10.6328569352627
CMR,2001,19.4279,6.98680877685547
ZWE,2001,19.5311,8.00268799066544
TLS,2001,4.94,5.19143044948578
CZE,2001,13.2271,7.96701163053513
URY,2001,13.2267,15.4660522937775
CYP,2001,1.98,3.92244234681129
GIN,2002,10.1194,4.68903668224812
CYP,2002,2.03,3.28931026160717
HUN,2002,22.7867,5.63102401793003
KGZ,2002,16.1871,6.65094330906868
CIV,2002,22.0713,5.22002726793289
ITA,2002,5.41,9.28480625152588
IRL,2002,11.5294,4.28465455770493
BRA,2002,4.77,9.35357362031937
ESP,2002,6.31,11.2501010298729
MDV,2002,4.69,0.0
POL,2002,15.2401,15.614327788353
GRC,2002,2.29,10.1115703582764
BWA,2002,42.1921,24.814547598362
EST,2002,25.7641,13.380092382431
KOR,2002,17.8095,3.16291302442551
FRA,2002,15.5945,8.72174352407455
GBR,2002,7.48,5.10282889008522
JOR,2002,3.2,18.4341371059418
CHN,2002,12.5215,5.18201217055321
CZE,2002,12.3653,7.00727701187134
HND,2002,3.02,4.40113320946693
PRT,2002,9.32,4.77711260318756
GTM,2002,13.6718,2.02245078980923
PAN,2002,5.88,9.53810214996338
PER,2002,3.17,5.7060681283474
IDN,2002,3.64,7.10229650139809
DEU,2002,10.9958,8.43268930912018
COL,2002,4.88,14.6397992968559
PHL,2002,2.11,3.98779883980751
LAO,2002,8.22,1.36073073372245
MNG,2002,22.8869,6.86250776052475
PRY,2002,3.75,10.9852403402328
AUT,2002,15.1121,4.86153215169907
VNM,2002,6.98,1.49615816771984
SVK,2002,12.7431,18.6063766479492
MEX,2002,4.15,3.04465275257826
BEL,2002,17.1173,6.94317445158958
ARG,2002,10.2825,18.0135861039162
ZAF,2002,28.0224,43.0890560150146
TUR,2002,3.43,10.6346890330315
BGR,2002,12.9651,18.1067526340485
LVA,2002,27.1239,13.4091049432755
UGA,2002,20.4827,2.4088891223073
ALB,2002,4.82,10.0898191332817
LUX,2002,13.2191,2.68520284444094
LTU,2002,42.2556,13.1783097982407
BOL,2002,7.93,4.00343723595142
ZMB,2002,22.3213,5.61099387705326
SVN,2002,22.9425,6.06181211769581
NLD,2002,8.39,2.57248226553202
URY,2002,17.8998,17.2633469104767
AUS,2002,10.3849,6.13923408091068
VEN,2002,6.18,16.4247125387192
CRI,2002,7.25,6.49338290095329
DOM,2002,4.9,4.27165403962135
LKA,2002,21.4607,9.02371034026146
MNE,2002,17.8126,11.7159761488438
ROU,2002,12.3193,9.91121605038643
THA,2002,10.4458,2.1044947206974
MOZ,2002,20.8273,2.04236712306738
SLV,2002,5.92,4.81496043503284
LKA,2003,21.1961,8.63466784358025
SVK,2003,13.0133,17.0708224177361
IRL,2003,11.2587,4.55383025109768
TUR,2003,3.3,9.78747457265854
ECU,2003,8.89,13.459724187851
CZE,2003,13.6861,7.52712860703468
ESP,2003,6.42,11.3345496356487
TCD,2003,15.9517,18.2338565587997
UZB,2003,10.3873,15.1487335562706
NLD,2003,8.01,3.59954573214054
NPL,2003,9.95,2.39379443228245
GTM,2003,13.857,1.91007032990456
URY,2003,14.1555,17.0643091201782
LTU,2003,40.1911,9.37161892652512
SVN,2003,23.1098,6.60391449928284
ZAF,2003,28.6676,31.2561899423599
LUX,2003,12.8518,3.69140394032002
PAN,2003,6.32,9.88292619585991
KGZ,2003,15.1645,6.02675080299377
MDA,2003,17.1287,3.73674482107162
HUN,2003,21.7934,5.82000389695168
KHM,2003,6.46,0.953492429107428
HND,2003,3.04,5.7254683226347
DEU,2003,10.7872,9.72422659397125
DOM,2003,5.33,5.08377403020859
ITA,2003,5.27,8.9383564889431
PER,2003,3.24,4.7305665910244
LVA,2003,24.4578,10.7259333133698
PAK,2003,11.2802,1.25789241865277
GRC,2003,2.7,9.50868204236031
BRA,2003,4.69,9.98500362038612
PHL,2003,2.27,3.81211489439011
COL,2003,4.81,13.8661742210388
BFA,2003,15.7815,2.3288544267416
BGR,2003,11.1807,13.8403967022896
POL,2003,14.909,15.6869187951088
GBR,2003,7.03,4.88114841282368
FRA,2003,15.7493,8.56711864471436
IDN,2003,3.55,6.7448616027832
CYP,2003,2.06,4.12155948579311
CRI,2003,8.14,6.75731673836708
ARG,2003,9.66,15.8720180392265
AUS,2003,9.61,5.49143105745316
SLV,2003,7.22,6.94179460406303
EST,2003,22.3247,12.6409500837326
PRT,2003,8.7,6.47816807031631
AFG,2003,7.72,8.39219838380814
SLE,2003,10.9991,3.34737002849579
MKD,2003,8.27,28.0921012163162
MLI,2003,8.55,8.39545279741287
ROU,2003,11.5657,8.74757394194603
BGD,2003,5.81,4.49963808059692
BEL,2003,17.8873,7.72880837321281
KOR,2003,22.2741,3.37999574840069
CHL,2003,9.69,9.95108038187027
BTN,2003,6.35,0.658633001148701
NGA,2003,9.16,0.131495099049062
BOL,2003,7.72,4.49006669223309
PRY,2003,3.71,8.1370122730732
AUT,2003,14.2473,4.77272644639015
DNK,2004,11.1146,7.31211155653
AUT,2004,13.6298,6.89128190279007
NLD,2004,8.13,4.65898811817169
KOR,2004,23.0826,3.53941731154919
SLV,2004,7.34,4.4192798435688
PRT,2004,7.45,10.2864623069763
URY,2004,13.8695,13.3502915501595
SVK,2004,11.8638,18.5480311512947
PAN,2004,6.07,8.91883447766304
ETH,2004,15.7861,2.05511320382357
MNE,2004,18.4499,31.961590051651
LVA,2004,22.053,10.0466430187225
FIN,2004,18.8647,11.1491933465004
IDN,2004,3.47,7.5748510658741
ROU,2004,10.7717,9.01266857981682
ALB,2004,4.86,5.52777387201786
DOM,2004,5.32,4.36165556311607
MEX,2004,4.26,3.86641174554825
TUR,2004,3.16,11.1209459602833
COL,2004,4.7,12.4060146510601
ARG,2004,8.68,12.7112686634064
EST,2004,23.1477,10.3304751217365
HND,2004,2.97,6.25171884894371
PER,2004,3.06,4.96773943305016
BGR,2004,10.5158,12.1311485767365
LUX,2004,9.81,4.46733273565769
MKD,2004,9.43,26.6166061162949
PRY,2004,4.64,7.60482400655746
COM,2004,9.33,4.65474724769592
ECU,2004,9.43,8.68080481886864
HUN,2004,21.5952,5.85687160491943
UKR,2004,28.3656,20.8429262042046
NOR,2004,11.7382,4.74673509597778
COD,2004,14.2258,2.60236859321594
VNM,2004,7.01,0.949887093156576
PAK,2004,11.2073,4.95703853666782
CYP,2004,0.819,4.31692600250244
GBR,2004,7.23,4.66749034821987
ITA,2004,5.14,12.7306491136551
BEL,2004,16.6673,7.4005238711834
AUS,2004,9.21,4.9944132566452
SVN,2004,22.288,6.14447444677353
GRC,2004,2.48,9.99474376440048
ESP,2004,6.42,11.1417703330517
LKA,2004,22.084,8.50574001669884
MRT,2004,6.01,15.0262877345085
LTU,2004,38.0845,9.68945249915123
ISL,2004,11.4824,2.03830525279045
CRI,2004,8.37,6.54895752668381
PHL,2004,2.2,3.70720364153385
MDV,2004,3.83,15.2628228068352
ZAF,2004,27.91,27.826914191246
POL,2004,15.2488,14.5037487149239
DEU,2004,10.3769,10.6830298900604
MWI,2004,15.0427,0.858465116471052
VEN,2004,5.06,14.0756502747536
FRA,2004,15.2886,11.3997980952263
SRB,2004,16.6941,28.2183855772018
BRA,2004,4.73,9.12413522601128
ZMB,2004,22.4683,3.58674824237823
CZE,2004,13.1212,8.24246555566788
GTM,2004,13.9434,2.18620263040066
IRL,2004,11.0677,7.63140991330147
SWE,2004,11.9388,7.79956206679344
BOL,2005,7.41,5.60389682650566
FIN,2005,16.8822,10.6538541615009
SEN,2005,13.2644,10.4541331529617
NOR,2005,11.4446,5.08990325033665
SLB,2005,16.7872,0.0
GAB,2005,15.6593,16.3463920354843
GHA,2005,12.1642,5.47709465026855
COG,2005,17.3644,20.4919800162315
KOR,2005,23.9716,3.53355593979359
RWA,2005,14.9688,3.79066988825798
SWE,2005,12.6871,6.82747066020966
PAK,2005,10.9706,0.590655207633972
SVN,2005,20.6436,6.66755586862564
NLD,2005,8.26,4.76044453680515
BFA,2005,15.8658,1.70788057148457
ARG,2005,8.54,10.6962040066719
FRA,2005,14.8165,10.7246473431587
TUN,2005,3.69,13.9061659574509
FSM,2005,27.6475,7.73089677095413
GBR,2005,6.94,4.63372953236103
HND,2005,2.98,5.17996549606323
LTU,2005,36.8766,12.8682076931
MEX,2005,4.35,3.85236814618111
TUR,2005,2.96,6.89341053366661
AUS,2005,10.0728,4.91229146718979
ETH,2005,15.3443,2.55332477390766
SVK,2005,11.5608,12.9866510629654
SLV,2005,8.2,7.44138956069946
GRC,2005,2.87,9.99700054526329
PAN,2005,5.31,9.22945886850357
PHL,2005,2.36,3.94864603877068
VEN,2005,4.77,11.4681996405125
DNK,2005,11.0954,6.09025694429874
PRT,2005,7.91,10.3208586573601
IDN,2005,3.33,8.06379318237305
RUS,2005,43.5635,1.81409120559692
AUT,2005,13.2843,5.16181252896786
KEN,2005,12.917,9.72561985254288
MNE,2005,18.7202,33.2007199525833
LVA,2005,22.0667,12.2178696095943
BGR,2005,9.56,10.1261414587498
PER,2005,2.96,4.78774197399616
IRL,2005,10.9755,7.69371464848518
NER,2005,10.1206,8.63611772656441
CZE,2005,12.6079,13.3172452449799
CRI,2005,6.69,6.69394284486771
YEM,2005,7.97,2.81535349786282
DEU,2005,9.81,11.0627576708794
ZAF,2005,27.456,38.8863325119019
BEL,2005,16.7429,14.2958968877792
CYP,2005,2.34,5.2936315536499
POL,2005,15.2212,21.4146971702576
ITA,2005,4.81,11.6316705942154
MDG,2005,10.6813,2.62310169637203
MMR,2005,4.49,0.728887924924493
PRY,2005,4.61,5.99404908716679
ISL,2005,10.8093,2.14991383254528
EST,2005,19.0512,9.60326492786407
BGD,2005,5.57,4.28987890481949
EGY,2005,3.59,7.1667306125164
DOM,2005,5.59,4.45361100137234
HUN,2005,20.4817,7.2050467133522
MKD,2005,7.65,27.2001981735229
URY,2005,13.256,12.406312674284
NIC,2005,6.07,6.8840816617012
ESP,2005,5.97,12.5058948993683
LUX,2005,10.8684,4.24809530377388
ROU,2005,10.1982,7.46379271149635
COL,2005,4.33,11.3041751086712
UKR,2005,28.2715,17.9208517074585
BRA,2005,4.96,9.52020809054375
UGA,2005,20.8355,2.12700795382261
ALB,2005,7.68,6.35568872094154
USA,2005,10.6918,6.97866901755333
ECU,2005,10.297,8.61277729272842
ITA,2006,4.68,10.7887029647827
PRT,2006,7.93,10.4807756841183
BOL,2006,7.0,5.35687617957592
IRQ,2006,5.15,4.29173670709133
HND,2006,2.97,3.73868867754936
SVK,2006,12.2289,11.4137947559357
ISL,2006,11.2559,1.50504829362035
PAK,2006,11.0039,4.49490658938885
IDN,2006,3.22,8.38490650057793
PER,2006,2.89,4.25884574651718
BRA,2006,4.9,8.62047001719475
AUS,2006,9.53,4.58776988089085
HUN,2006,19.2226,10.9391614794731
PAN,2006,5.97,7.99810513854027
PHL,2006,2.45,4.55969721078873
KIR,2006,31.463,49.7570812702179
GTM,2006,13.3059,1.6200877726078
KHM,2006,6.9,1.38185415416956
AUT,2006,12.4933,4.76019121706486
SRB,2006,14.9956,21.9906941056252
MNG,2006,23.372,7.29004442691803
LKA,2006,18.4051,12.7891793847084
ECU,2006,10.3894,7.04787373542786
POL,2006,14.4866,18.0378705263138
CHL,2006,9.72,7.49385803937912
PRY,2006,4.6,6.87019750475883
BEL,2006,16.5796,12.0331421494484
GRC,2006,2.9,10.6075368821621
MEX,2006,4.25,3.41009944677353
SLV,2006,6.99,3.78409288823605
SWE,2006,12.0839,5.23631870746613
IRL,2006,10.221,7.25095793604851
ESP,2006,5.57,11.8160642683506
DEU,2006,9.25,10.846570879221
URY,2006,13.7935,11.0930234193802
THA,2006,8.26,2.00637951493263
LTU,2006,29.7286,9.67995077371597
VEN,2006,4.29,9.44858640432358
NOR,2006,11.6463,3.23769375681877
ARG,2006,8.53,9.46383699774742
SYC,2006,8.11,11.0832288861275
DOM,2006,5.61,3.78926359117031
VNM,2006,7.04,1.0381399653852
FIN,2006,18.2465,9.82620865106583
GBR,2006,6.89,4.09342311322689
DNK,2006,11.2006,5.29226176440716
MNE,2006,19.165,34.8273485898972
EST,2006,16.8192,7.37642198801041
MDA,2006,17.5052,5.28503991663456
TGO,2006,19.1923,4.36269715428352
CZE,2006,11.4653,12.5696986913681
FRA,2006,14.3635,10.187828540802
UKR,2006,25.6015,17.0767307281494
ZAF,2006,26.5351,37.3559087514877
NLD,2006,8.08,4.51121516525745
CRI,2006,8.43,5.98014108836651
SVN,2006,20.9718,6.09753616154194
MKD,2006,8.47,25.3978669643402
COL,2006,4.3,11.3423340022564
LVA,2006,19.0897,9.83725488185883
MAR,2006,9.87,9.80997905135155
LUX,2006,12.7729,4.5750055462122
MUS,2006,8.99,8.70000198483467
CYP,2006,3.22,4.54202927649021
BGR,2006,9.46,8.98287817835808
TZA,2006,10.2632,3.21786589920521
BTN,2007,5.67,1.55006404966116
ITA,2007,4.7,9.13273617625237
CZE,2007,11.2489,11.4556171000004
SVK,2007,11.7253,8.88237357139587
MYS,2007,5.33,0.0
BIH,2007,9.36,19.4935649633408
IDN,2007,3.15,9.26450863480568
MNG,2007,22.9994,10.6501266360283
PAN,2007,5.15,5.89500553905964
AUT,2007,12.1626,7.86407738924026
PRY,2007,4.16,5.88792972266674
DNK,2007,9.5,4.94978465139866
PHL,2007,2.19,4.17740382254124
DOM,2007,5.69,3.32571789622307
CPV,2007,18.1486,15.6875818967819
CYP,2007,2.82,3.93553450703621
MAR,2007,9.86,9.84359756112099
ISL,2007,13.4903,0.970440916717052
ZAF,2007,27.4165,35.6342285871506
URY,2007,15.7926,9.43348556756973
LVA,2007,16.9967,7.75458291172981
MDA,2007,15.2802,5.54676279425621
BEL,2007,15.0791,11.0125407576561
BRA,2007,5.05,8.29989686608315
IRL,2007,10.7603,8.84202495217323
AFG,2007,7.42,2.46978178620338
HUN,2007,18.8932,10.5933494865894
DEU,2007,8.94,10.8779169619083
PER,2007,2.82,4.21748869121075
VNM,2007,7.21,0.190232752356678
IND,2007,16.6861,4.45487797260284
NER,2007,10.2478,4.54230345785618
PRT,2007,8.33,10.5535954236984
POL,2007,13.2654,14.2354503273964
CRI,2007,5.64,4.66124564409256
HND,2007,2.92,3.31029333174229
GIN,2007,11.6582,1.74199379980564
NOR,2007,10.5516,2.99117043614388
LBR,2007,8.73,5.65339960157871
CMR,2007,20.3976,2.77818869799376
SVN,2007,17.0211,4.9510408192873
TLS,2007,3.68,6.65785372257233
LTU,2007,29.872,6.94635286927223
BOL,2007,7.17,5.54046481847763
TZA,2007,10.4346,1.55984405428171
EST,2007,17.4709,5.40517643094063
LAO,2007,7.35,2.96781416982412
ZWE,2007,27.2252,6.52701109647751
SRB,2007,14.4261,21.3792189955711
ARM,2007,5.02,10.4271776974201
CHN,2007,11.1017,2.41785421967506
SWE,2007,11.9026,4.46359030902386
LKA,2007,20.0794,5.9277568012476
BGR,2007,8.57,6.91954493522644
FIN,2007,16.9785,9.33569148182869
SLV,2007,8.48,3.88379096984863
BLR,2007,30.9091,5.32928258180618
ECU,2007,10.5366,5.61003834009171
LUX,2007,11.2165,4.77166436612606
COL,2007,4.25,10.7942804694176
NLD,2007,7.06,3.61536890268326
ESP,2007,5.4,10.5532988905907
KOR,2007,23.2415,2.90364753454924
ARG,2007,8.17,7.47100636363029
GBR,2007,6.71,5.30285462737083
PAK,2007,10.7349,0.855100806802511
AUS,2007,9.82,4.38265539705753
GRC,2007,2.45,10.0182190537453
FRA,2007,13.7779,9.31059718132019
TUR,2007,2.6,10.506571829319
NLD,2008,7.44,3.00101097673178
BLR,2008,30.5771,5.37119507789612
LTU,2008,32.6457,7.18258246779442
BGR,2008,9.19,15.2578860521317
MOZ,2008,23.0849,2.19786465167999
NPL,2008,10.2096,2.22780425101519
PAN,2008,5.61,5.25987558066845
ITA,2008,4.85,9.829381108284
MDA,2008,16.8447,5.25890253484249
KHM,2008,6.65,0.898586679250002
LKA,2008,17.4714,5.30835576355457
BOL,2008,7.01,3.02323270589113
GEO,2008,6.52,13.7527272105217
KOR,2008,24.3824,2.93914042413235
BEL,2008,16.5806,10.041556507349
AUT,2008,11.6692,6.78064227104187
BRA,2008,5.22,7.2811670601368
HND,2008,2.84,3.26769463717937
NOR,2008,10.6264,2.65727043151855
MYS,2008,5.43,0.0
FRA,2008,13.9587,7.68606439232826
CAF,2008,27.2927,24.0244045853615
ESP,2008,5.78,11.5804471075535
MAR,2008,9.76,9.550741314888
POL,2008,14.4118,9.57735851407051
AGO,2008,15.2736,3.33312004804611
ARM,2008,4.23,17.6148265600204
SRB,2008,13.9863,19.5905759930611
ECU,2008,10.8276,6.66985064744949
CHN,2008,10.5933,2.52312514930964
SVK,2008,10.4985,7.5185239315033
LVA,2008,21.6645,9.12569165229797
ZMB,2008,19.0079,1.95583179593086
SLV,2008,7.28,3.87070663273335
HUN,2008,19.1299,11.5586556494236
DNK,2008,10.0425,4.47744987905025
FIN,2008,18.1245,8.03247764706612
TUR,2008,2.47,11.2113513052464
FJI,2008,10.2007,9.83745604753494
IRL,2008,11.4488,11.3095365464687
EST,2008,16.2408,5.40222488343716
MRT,2008,5.55,20.6250503659248
COL,2008,4.27,11.5349993109703
MEX,2008,4.58,4.55025508999825
GBR,2008,7.26,3.9297915995121
SVN,2008,15.6328,11.1166343092918
ISL,2008,13.3457,0.806833617389202
ARG,2008,8.59,7.84192606806755
SWE,2008,12.3568,5.67058995366097
AUS,2008,10.4492,4.40657176077366
MNE,2008,17.3188,28.6241859197617
PRT,2008,8.6,9.40476208925247
CZE,2008,11.326,9.44895148277283
IDN,2008,3.06,5.73445111513138
ALB,2008,8.09,8.41516852378845
PRY,2008,3.93,5.79505413770676
VNM,2008,7.35,1.21761793270707
PAK,2008,10.5367,1.04769533500075
GRC,2008,2.63,8.71694982051849
LUX,2008,10.8067,4.66228537261486
UKR,2008,25.9038,14.2343044281006
URY,2008,13.512,7.92994275689125
CYP,2008,5.55,3.68082486093044
DOM,2008,5.61,2.15583816170692
DEU,2008,9.06,10.8184590935707
CRI,2008,5.49,5.01869469881058
PHL,2008,2.36,4.02795895934105
MNE,2009,17.228,26.8736839294434
DEU,2009,9.13,10.2559603750706
EST,2009,19.2075,12.603235244751
NLD,2009,7.78,3.84556576609612
BLR,2009,30.4129,3.50380688905716
FIN,2009,17.8897,9.6721313893795
KOR,2009,28.7773,3.34729552268982
TZA,2009,10.573,1.45221967250109
LUX,2009,8.9,7.43646994233131
NGA,2009,8.97,9.38326567411423
VNM,2009,7.31,1.71200111508369
NAM,2009,18.4163,24.3611663579941
DNK,2009,9.81,6.37204274535179
ARG,2009,8.35,8.65667015314102
LTU,2009,33.0874,15.085032582283
SDN,2009,5.22,12.7431973814964
ARM,2009,4.06,16.7332679033279
BEL,2009,16.7053,10.8695596456528
NIC,2009,5.47,8.14425349235535
ECU,2009,10.7553,7.29450136423111
IDN,2009,2.98,5.49887046217918
URY,2009,13.3725,7.51892253756523
UKR,2009,21.8127,14.0080973505974
MYS,2009,5.47,0.0
LVA,2009,21.6712,22.7110877633095
ESP,2009,5.62,18.3969169855118
CZE,2009,11.829,9.4701424241066
ZAF,2009,29.2416,39.5594298839569
PHL,2009,2.78,4.41883206367493
TON,2009,5.06,4.32754345238209
BRA,2009,5.19,8.48391726613045
MLT,2009,6.12,7.85331502556801
MDV,2009,3.29,11.847148090601
ROU,2009,10.0419,6.75937905907631
PRY,2009,4.74,6.66970238089561
KHM,2009,6.39,0.425954768434167
THA,2009,7.27,1.71526037156582
UGA,2009,15.4791,0.899740681052208
IRL,2009,13.3035,17.0081406831741
MAR,2009,9.66,9.01595279574394
HND,2009,2.72,3.47153581678867
PRT,2009,8.65,13.6535748839378
PER,2009,3.44,3.97041812539101
MNG,2009,22.6924,9.381053596735
AUT,2009,11.8926,8.83118882775307
ISL,2009,12.8799,6.85781836509705
PNG,2009,3.15,1.59020181745291
COL,2009,4.15,12.3465374112129
TUR,2009,2.47,14.3280595541
POL,2009,16.1071,7.8336700797081
CYP,2009,3.99,5.32220639288425
CRI,2009,5.55,7.94975757598877
DOM,2009,5.63,4.01360131800175
BWA,2009,32.1327,16.9028222560883
NOR,2009,11.3734,3.5582959651947
CHL,2009,12.117,10.4884587228298
SVN,2009,16.7768,6.00303336977959
BOL,2009,6.99,3.39265204966068
ITA,2009,4.87,7.89285525679588
FRA,2009,14.0846,10.5542540550232
SWE,2009,13.0935,7.27101489901543
BFA,2009,15.6952,2.55971606820822
LKA,2009,22.7246,14.8116186261177
PAN,2009,5.06,6.32274895906448
GBR,2009,7.15,6.41993209719658
BGR,2009,8.51,15.5821621417999
GEO,2009,7.36,18.2888075709343
SVK,2009,10.5405,9.85868498682976
AUS,2009,10.0127,5.35811446607113
SSD,2009,6.71,39.4832253456116
SRB,2009,14.7962,21.4150249958038
GRC,2009,2.87,10.0383557379246
SLV,2009,8.95,5.04026226699352
HUN,2009,19.5367,11.2701900303364
MDA,2009,17.0734,6.53386116027832
VUT,2010,22.1485,4.50611114501953
USA,2010,11.7231,10.8274631202221
ARG,2010,8.43,7.63396620750427
URY,2010,14.2563,6.97808936238289
UGA,2010,14.6431,1.33333532139659
TUN,2010,3.37,13.2704317569733
TLS,2010,4.15,1.51902548968792
VNM,2010,7.3,1.15131735801697
THA,2010,7.29,1.52417235076427
NLD,2010,8.06,3.96933667361736
MNG,2010,22.3994,4.49716150760651
UKR,2010,20.1696,17.218229174614
MNE,2010,16.519,20.2924877405167
TUR,2010,2.47,12.1287293732166
MMR,2010,3.75,2.24346667528152
RWA,2010,11.5024,5.54425641894341
NGA,2010,8.79,5.41627295315266
PAK,2010,10.1605,0.817362498492002
NOR,2010,10.8932,3.49532254040241
SWE,2010,12.0096,6.42936229705811
SVN,2010,15.5552,14.3451079726219
AUS,2010,10.4083,5.19729144871235
ROU,2010,10.7085,9.31942835450172
AUT,2010,12.2086,8.05418342351913
PRY,2010,3.82,5.87273687124252
MWI,2010,16.0307,1.74712426960468
POL,2010,15.5079,9.51446443796158
PHL,2010,2.89,4.00388948619366
BEL,2010,16.517,10.9091393649578
PER,2010,3.63,3.54439951479435
PAN,2010,4.33,6.25069662928581
PRT,2010,8.83,14.9774849414825
BGD,2010,4.82,3.03377397358418
ZMB,2010,19.7074,9.14521291851997
SVK,2010,11.1371,14.2720460891724
HUN,2010,19.168,13.8267830014229
GBR,2010,6.95,5.94357438385487
DEU,2010,9.5,10.0550621747971
ECU,2010,10.1807,5.53571246564388
ETH,2010,13.0987,1.16446176543832
MDA,2010,17.6363,4.98244874179363
GNB,2010,15.3916,3.87338399887085
MLT,2010,6.63,7.15055838227272
HND,2010,2.66,4.32589016854763
GEO,2010,6.98,16.7726397514343
ISL,2010,11.7934,7.85178020596504
MDG,2010,10.1782,2.8912590816617
DNK,2010,8.92,8.53179171681404
FIN,2010,16.4366,12.4826036393642
JOR,2010,2.02,10.9341494739056
DOM,2010,5.38,3.23053598403931
LVA,2010,18.5949,24.1106748580933
LTU,2010,31.318,19.7563484311104
FRA,2010,13.8879,11.0461547970772
KOR,2010,27.9763,2.95415334403515
SRB,2010,12.4184,26.9245326519012
MLI,2010,8.69,3.51350866258144
CRI,2010,6.76,7.35055580735207
GRC,2010,2.72,12.9107370972633
BGR,2010,8.45,17.2295331954956
COL,2010,3.85,12.1066622436047
CZE,2010,11.926,10.8674041926861
ITA,2010,4.82,11.6849809885025
EST,2010,15.4209,17.5646960735321
IDN,2010,2.92,5.12229762971401
MEX,2010,4.66,5.77069111168385
LBR,2010,8.68,2.29301620274782
CHN,2010,9.59,3.56272980570793
ESP,2010,5.05,20.5987483263016
LUX,2010,9.62,6.67934194207191
ESP,2011,5.1,21.926037967205
DOM,2011,5.5,4.13604751229286
ZAF,2011,24.4307,21.0753291845322
DEU,2011,9.25,9.11738201975822
ECU,2011,10.0113,4.8143420368433
GTM,2011,7.63,3.47340777516365
BRA,2011,5.19,6.8642258644104
AZE,2011,4.44,11.5836627781391
PAN,2011,3.95,4.20832820236683
KOR,2011,27.8899,2.60087009519339
ZWE,2011,34.3032,5.66480904817581
URY,2011,15.024,6.47631511092186
BEN,2011,14.1437,0.910709146410227
EST,2011,14.7455,12.6086920499802
GBR,2011,7.42,6.23018555343151
IDN,2011,2.85,5.9469074010849
SLE,2011,11.741,2.77906842529774
SEN,2011,12.1244,2.61090900748968
HUN,2011,18.9487,15.4620632529259
LKA,2011,17.8453,4.17921654880047
LTU,2011,31.8499,17.328742146492
PRT,2011,7.94,14.9992793798447
ROU,2011,9.86,8.45450386404991
HND,2011,2.59,4.6702791005373
AUT,2011,12.2841,8.8583804666996
PRY,2011,4.68,5.66559880971909
HRV,2011,11.7574,29.2538166046143
BEL,2011,16.7076,10.8744658529758
PAK,2011,10.0153,3.65121401846409
NOR,2011,11.8475,3.42697724699974
ISL,2011,10.6851,7.95604363083839
KGZ,2011,12.2543,5.28443120419979
DNK,2011,9.67,7.94757008552551
UKR,2011,18.9459,16.6026696562767
COL,2011,3.67,11.1127652227879
MNG,2011,21.8693,4.38593067228794
GEO,2011,7.2,15.7392174005508
PER,2011,3.45,3.46977524459362
FRA,2011,13.5949,9.95660796761513
MDA,2011,13.2516,4.18941378593445
POL,2011,14.9836,10.4368679225445
CZE,2011,12.8985,10.4213580489159
CHL,2011,11.0036,7.93783515691757
GRC,2011,3.51,24.2041736841202
NLD,2011,8.4,3.74287068843842
TCD,2011,15.8915,12.8636360168457
ARG,2011,8.42,7.49666839838028
THA,2011,7.17,1.96504443883896
NER,2011,10.438,0.358674139715731
ETH,2011,12.3783,1.16446176543832
SVN,2011,15.4581,15.7937332987785
BGR,2011,7.9,18.4442326426506
COG,2011,15.3024,6.03507198393345
MLT,2011,5.73,6.29463419318199
AUS,2011,10.0623,4.97650168836117
LUX,2011,9.32,7.37001150846481
ITA,2011,5.13,13.2166534662247
ARM,2011,5.74,19.081974029541
BOL,2011,7.05,2.65452172607183
CYP,2011,3.7,9.31518971920013
AFG,2011,6.42,5.22527359426022
TGO,2011,18.1197,1.67904905974865
TZA,2011,9.32,0.220564985647798
SWE,2011,11.9985,6.30234479904175
SVK,2011,10.412,14.153841137886
LVA,2011,18.1533,21.121720969677
PHL,2011,3.37,4.05103489756584
FIN,2011,15.6825,11.1801475286484
POL,2012,15.2859,11.3055057823658
CYP,2012,4.9,14.2521187663078
BRA,2012,5.29,6.31498098373413
AUS,2012,10.4771,5.28106838464737
URY,2012,16.0975,6.28644749522209
PHL,2012,2.85,4.02320511639118
FRA,2012,13.3581,10.4392871260643
SLV,2012,6.97,4.21110093593597
IDN,2012,2.76,6.05274401605129
AUT,2012,11.7788,7.83018171787262
NAM,2012,14.5042,17.5486609339714
PAN,2012,3.75,3.81321646273136
FIN,2012,14.9051,10.5018280446529
ISL,2012,12.5297,6.96221068501472
TUR,2012,2.24,7.23062679171562
HND,2012,3.95,3.95908951759338
GBR,2012,7.36,6.62605091929436
GEO,2012,7.65,15.8994451165199
GHA,2012,12.9918,2.2874154150486
GIN,2012,12.9073,4.35350239276886
SVK,2012,10.2145,14.0971377491951
GRC,2012,3.73,25.1650542020798
TZA,2012,8.45,1.50920879095793
ALB,2012,4.82,27.2540837526321
SVN,2012,15.8963,17.3309028148651
UGA,2012,13.2268,2.26544011384249
PRY,2012,4.7,4.98367883265018
HRV,2012,13.1117,28.6340981721878
HTI,2012,12.1786,32.412177324295
CHE,2012,10.4915,2.77173276990652
ESP,2012,5.63,27.4861723184586
EST,2012,17.1528,10.4013279080391
DOM,2012,5.8,5.161277577281
COL,2012,3.81,10.6888897716999
NOR,2012,9.94,3.47071141004562
CZE,2012,13.0539,9.95929315686226
SWE,2012,12.2529,6.08530975878239
HUN,2012,18.3707,15.3676673769951
ITA,2012,5.36,14.1919761896133
NGA,2012,8.33,4.33456301689148
KOR,2012,24.0125,2.57835164666176
KHM,2012,6.12,1.37665551155806
LVA,2012,19.3927,18.6439707875252
DNK,2012,9.82,9.65906754136086
LTU,2012,29.22,16.068759560585
ECU,2012,10.2622,4.75905202329159
COD,2012,13.0107,3.34369577467442
CRI,2012,6.34,7.88798183202744
MLT,2012,5.1,5.99210895597935
LUX,2012,8.95,7.46264830231667
BTN,2012,5.22,1.50192342698574
PAK,2012,9.97,2.99727451056242
MUS,2012,9.23,6.39202445745468
PER,2012,3.32,3.19601856172085
NLD,2012,8.88,4.17340360581875
MOZ,2012,26.5421,3.49672324955463
ZMB,2012,18.5188,6.01395331323147
BOL,2012,6.9,2.42407638579607
ARG,2012,8.96,7.40748196840286
UKR,2012,19.0152,14.6224692463875
MDG,2012,9.89,1.73882208764553
LKA,2012,16.4027,3.99991944432259
MEX,2012,4.95,4.35271561145782
MDA,2012,14.6133,2.53318324685097
DJI,2012,11.9015,26.9275158643723
BGR,2012,8.75,19.3674325942993
PRT,2012,8.48,20.6005200743675
NLD,2013,9.47,5.65135888755322
CZE,2013,12.7652,10.6095984578133
FRA,2013,12.4953,11.3168299198151
FSM,2013,27.4041,9.69567000865936
MLT,2013,5.9,5.81848472356796
SRB,2013,13.0321,31.7913770675659
CYP,2013,5.1,21.7531815171242
NOR,2013,10.2912,3.46369557082653
LTU,2013,33.969,13.0937546491623
SLB,2013,18.1866,0.745572661980987
MAR,2013,8.24,12.7060532569885
MWI,2013,13.0397,3.0608119443059
GBR,2013,7.71,6.58590570092201
ETH,2013,10.4348,2.36799661070108
ITA,2013,5.27,14.7702842950821
FIN,2013,15.0442,10.9371937811375
BGR,2013,7.35,19.6819305419922
BEL,2013,15.3826,10.9167888760567
NAM,2013,14.3848,20.7170948386192
SVK,2013,9.92,14.9902731180191
SVN,2013,16.1595,18.433865904808
SYC,2013,7.3,7.4213832616806
ISL,2013,12.4502,5.65643273293972
BGD,2013,3.8,4.45172190666199
LVA,2013,16.7007,14.6641120314598
COL,2013,3.62,9.94901359081268
SWE,2013,13.0353,7.58484899997711
AFG,2013,6.17,9.2867948114872
RWA,2013,10.133,2.09574680775404
IDN,2013,2.69,5.09854108095169
DNK,2013,8.98,9.69777703285217
SOM,2013,15.1999,5.77816255390644
TJK,2013,5.04,2.39206943660975
ESP,2013,6.16,28.786700963974
EST,2013,14.8978,9.99171212315559
COM,2013,8.51,8.79700109362602
AUT,2013,11.4524,8.7700717151165
POL,2013,15.0567,12.0653539896011
UKR,2013,18.6574,14.8576274514198
AUS,2013,10.244,5.68823218345642
BWA,2013,27.7511,20.8805054426193
CHN,2013,7.65,1.83526054024696
KOR,2013,23.8405,2.64096725732088
LKA,2013,14.9791,4.55775149166584
ARG,2013,8.45,7.86918774247169
CHE,2013,10.7044,2.80684884637594
PER,2013,3.19,3.29449363052845
HRV,2013,12.3065,29.4813722372055
DOM,2013,6.06,4.91128414869308
IRL,2013,10.5032,20.1262012124062
HND,2013,3.9,4.29263636469841
PRY,2013,5.07,5.18873259425163
CHL,2013,9.15,7.24513679742813
LUX,2013,8.83,6.58945515751839
KAZ,2013,26.1559,3.15927043557167
PAK,2013,9.98,2.01122853904963
BDI,2013,13.7528,2.36577019095421
ROU,2013,9.86,8.69664698839188
ARM,2013,5.31,16.6321501135826
GRC,2013,3.96,29.0449857711792
HUN,2013,16.1359,15.5867740511894
PHL,2013,2.88,3.69851812720299
NPL,2013,10.2609,3.1687431037426
PRT,2013,7.98,23.0330631136894
GEO,2013,8.17,15.7447829842567
SVN,2014,14.3636,18.867127597332
CZE,2014,11.6959,10.2922044694424
URY,2014,15.7673,6.74132630228996
NAM,2014,15.3179,19.2023783922195
FIN,2014,13.6546,12.0264776051044
GBR,2014,7.64,5.92401884496212
USA,2014,12.3954,6.63155689835548
MNG,2014,19.6032,4.84911687672138
PRT,2014,9.23,21.8865573406219
CMR,2014,17.9391,3.50558497011662
TUR,2014,2.3,8.1189826130867
ECU,2014,8.9,4.11846674978733
VNM,2014,7.64,1.08458222821355
NPL,2014,9.93,2.6360135525465
MRT,2014,5.4,13.3865386247635
HND,2014,4.07,5.36000020802021
POL,2014,14.5016,11.3554082810879
SDN,2014,4.99,48.6571967601776
ISL,2014,14.3706,4.50304336845875
SWE,2014,12.284,6.68807104229927
MDA,2014,14.4705,3.86718511581421
MOZ,2014,24.6784,3.62599305808544
BEL,2014,15.1285,11.4028215408325
SVK,2014,10.0166,14.1329705715179
PHL,2014,2.69,4.32885698974133
NLD,2014,9.28,6.91045522689819
BGR,2014,7.13,19.0806359052658
SLV,2014,5.96,4.58936206996441
CYP,2014,4.77,20.2075853943825
BRA,2014,5.4,7.07030668854713
BOL,2014,7.04,2.41622757166624
PRY,2014,5.95,6.1859592795372
IRL,2014,10.5029,17.258232831955
LVA,2014,17.1758,13.6385291814804
AUS,2014,11.3146,6.2279287725687
ZAF,2014,25.2779,24.2695584893227
ESP,2014,6.21,27.6013284921646
SLE,2014,10.9548,5.19047901034355
AUT,2014,12.043,9.95739176869392
PER,2014,2.98,3.03731262683868
IDN,2014,2.62,4.94743697345257
CHE,2014,10.0112,3.20672988891602
ARG,2014,9.16,7.24313408136368
MLT,2014,6.33,5.46842589974403
HUN,2014,14.9597,14.8453116416931
EST,2014,16.1584,7.97594338655472
ZMB,2014,17.7448,3.86030115187168
KOR,2014,22.421,2.64093521982431
HRV,2014,12.404,29.1684955358505
FRA,2014,11.4486,10.8229398727417
PAK,2014,9.96,3.44086512923241
ARM,2014,4.63,16.0136044025421
TZA,2014,8.25,10.7490472495556
NIC,2014,4.95,5.94626553356647
LKA,2014,12.7173,4.31100577116013
NER,2014,10.6526,0.416162051260471
COL,2014,3.69,9.38740000128746
LBR,2014,8.46,7.95557275414467
LUX,2014,10.056,7.29546472430229
DNK,2014,9.09,8.84108245372772
GRC,2014,4.04,29.4331610202789
LTU,2014,29.4396,13.8960316777229
SRB,2014,12.0196,36.3256543874741
NOR,2014,10.0608,3.29202376306057
ITA,2014,5.03,16.1111876368523
ITA,2015,4.83,16.908960044384
BEN,2015,13.3759,0.581782404333353
KOR,2015,21.2004,3.56482192873955
PAN,2015,2.95,4.94212582707405
AUS,2015,11.8127,5.88130690157413
CZE,2015,10.492,9.17151793837547
TUN,2015,3.03,18.9280420541763
CRI,2015,6.41,8.68439525365829
USA,2015,12.8624,5.63762336969376
EST,2015,13.3612,7.13887438178062
ARM,2015,4.7,16.2952914834023
DOM,2015,6.84,3.31233479082584
SVN,2015,14.7524,16.9732868671417
BEL,2015,14.4114,10.4924239218235
BOL,2015,7.2,3.66242118179798
RUS,2015,27.8682,10.6581456959248
CYP,2015,4.17,20.6487044692039
IRL,2015,8.71,13.2576361298561
HUN,2015,14.6034,11.7719709873199
NOR,2015,10.5871,4.18603532016277
CHE,2015,10.5012,3.88000346720219
PRT,2015,8.31,18.6077311635017
ISL,2015,13.1691,3.84098999202251
PRY,2015,5.85,4.77259419858456
LKA,2015,14.6994,4.66463081538677
BWA,2015,24.5486,18.5380592942238
NLD,2015,9.31,6.81585744023323
BRA,2015,5.6,9.83640179038048
FIN,2015,12.1491,13.3276253938675
HND,2015,4.57,4.19693626463413
ESP,2015,5.64,25.17029941082
ETH,2015,9.98,1.75649933516979
URY,2015,16.6639,7.70622789859772
ECU,2015,8.88,4.99340631067753
DNK,2015,8.07,8.11388492584229
PER,2015,2.77,3.03099937736988
HRV,2015,12.1535,25.8367985486984
LUX,2015,9.57,6.70889690518379
LTU,2015,28.9273,11.2906955182552
GMB,2015,10.2938,2.9565904289484
GBR,2015,7.81,5.44859506189823
LVA,2015,17.1391,11.1771576106548
AZE,2015,3.99,3.14528681337833
COL,2015,4.04,9.19103547930717
BGR,2015,6.77,18.3087319135666
MLT,2015,6.55,5.28535060584545
MDA,2015,13.6824,6.05316199362278
GRC,2015,3.78,27.0592749118805
AUT,2015,11.3898,9.12674888968468
SVK,2015,9.8,12.9662320017815
SWE,2015,13.0223,7.11880475282669
BLR,2015,19.5525,0.655598565936089
SRB,2015,11.6904,38.9010488986969
POL,2015,13.1516,9.38472747802734
FRA,2015,11.4792,11.2441554665565
CHL,2015,9.17,7.69227668642998
NAM,2015,16.2875,19.0957278013229
KOR,2016,20.4869,3.73312681913376
BGR,2016,6.57,16.6625201702118
RUS,2016,26.8888,9.84192192554474
CZE,2016,10.3358,8.14897790551186
RWA,2016,9.73,1.99080631136894
LVA,2016,17.1457,11.3338835537434
LBR,2016,7.62,3.22530642151833
SVN,2016,14.2867,16.4205610752106
MDV,2016,3.15,6.91409260034561
VNM,2016,7.58,3.49658615887165
BLR,2016,19.3953,0.695540616288781
NOR,2016,11.0784,4.55924458801746
MWI,2016,12.2463,3.72913144528866
LKA,2016,14.1734,6.89943879842758
USA,2016,13.6503,5.16494028270245
LUX,2016,7.55,7.58105888962746
LTU,2016,26.2069,11.4378564059734
BEL,2016,15.0211,10.0839249789715
NLD,2016,9.33,6.22133538126946
CYP,2016,4.15,19.1202759742737
MLT,2016,5.12,3.95094119012356
DNK,2016,8.24,6.73254504799843
GRC,2016,3.42,25.7431358098984
AUT,2016,11.1316,9.28241610527039
HUN,2016,13.3416,9.83735099434853
HRV,2016,11.4808,24.2327108979225
HND,2016,2.66,4.85587008297443
COL,2016,4.11,9.5342144370079
SVK,2016,9.66,11.4208392798901
POL,2016,11.371,8.22127088904381
SWZ,2016,46.244,14.7909834980965
GBR,2016,7.62,4.52278777956963
EST,2016,12.4886,7.12541788816452
FRA,2016,10.6987,10.742611438036
ESP,2016,5.54,23.4530687332153
UGA,2016,11.0628,3.19915302097797
IRL,2016,9.37,12.4059423804283
SWE,2016,12.151,7.19918459653854
SRB,2016,10.5786,39.027863740921
ARM,2016,4.43,16.1435127258301
JOR,2016,1.86,21.1446508765221
FIN,2016,13.2613,13.6863812804222
ITA,2016,4.35,18.0454552173615
PRT,2016,7.38,16.6446283459663
IRN,2016,5.92,17.575241625309
PRY,2016,5.64,6.15307241678238
CHL,2017,8.39,8.17889869213104
GAB,2017,13.8497,11.880686879158
ZAF,2017,25.8377,27.7064800262451
COL,2017,4.5,9.72088500857353
MDA,2017,12.4382,1.90239045768976
MKD,2017,7.23,22.9253500699997
USA,2017,14.4114,4.68719638884068
PRY,2017,6.13,5.34787848591805
KAZ,2017,21.1923,4.34461869299412
STP,2017,2.19,9.48661789298058
BTN,2017,5.14,2.55501046776772
KGZ,2017,9.23,2.41513326764107
KOR,2017,19.3101,3.74015495181084
ZWE,2017,25.8514,8.19731876254082
USA,2018,14.0916,4.10479605197906
LSO,2018,93.0725,15.0753423571587
ARM,2018,1.65,14.8303091526031
